EQTOOLS    03/18/2025   1140729030 1000ms          3 33 33
 0.700000048E+00 0.139999998E+01 0.000000000E+00 0.400000006E+00 0.000000000E+00
 0.693630040E+00-0.970162358E-02-0.117697470E+00-0.176406447E-01 0.000000000E+00
-0.882900562E+06-0.117697470E+00 0.000000000E+00 0.693630040E+00 0.000000000E+00
-0.970162358E-02 0.000000000E+00-0.176406447E-01 0.000000000E+00 0.000000000E+00
-0.362861466E+01-0.362325668E+01-0.361821127E+01-0.361346912E+01-0.360902143E+01
-0.360485888E+01-0.360097194E+01-0.359735107E+01-0.359398699E+01-0.359086990E+01
-0.358799005E+01-0.358533740E+01-0.358290219E+01-0.358067465E+01-0.357864451E+01
-0.357680154E+01-0.357513595E+01-0.357363725E+01-0.357229543E+01-0.357110000E+01
-0.357004094E+01-0.356910753E+01-0.356828976E+01-0.356757712E+01-0.356695914E+01
-0.356642532E+01-0.356596565E+01-0.356556916E+01-0.356522584E+01-0.356492496E+01
-0.356465626E+01-0.356440926E+01-0.356417322E+01
 0.428283344E+06 0.401935938E+06 0.376424906E+06 0.351750219E+06 0.327911875E+06
 0.304909906E+06 0.282744281E+06 0.261415016E+06 0.240922109E+06 0.221265578E+06
 0.202445391E+06 0.184461562E+06 0.167314094E+06 0.151002984E+06 0.135528234E+06
 0.120889844E+06 0.107087805E+06 0.941221328E+05 0.819928125E+05 0.706998594E+05
 0.602432539E+05 0.506230117E+05 0.418391289E+05 0.338916016E+05 0.267804355E+05
 0.205056270E+05 0.150671768E+05 0.104650850E+05 0.669935107E+04 0.376997583E+04
 0.167695886E+04 0.420300262E+03 0.000000000E+00
-0.640170860E+01-0.602497482E+01-0.566017580E+01-0.530731058E+01-0.496637964E+01
-0.463738298E+01-0.432032013E+01-0.401519108E+01-0.372199655E+01-0.344073606E+01
-0.317140985E+01-0.291401744E+01-0.266855931E+01-0.243503523E+01-0.221344543E+01
-0.200378942E+01-0.180606771E+01-0.162028015E+01-0.144642663E+01-0.128450716E+01
-0.113452184E+01-0.996470690E+00-0.870353580E+00-0.756170571E+00-0.653921723E+00
-0.563606918E+00-0.485226244E+00-0.418779701E+00-0.364267230E+00-0.321688890E+00
-0.291044652E+00-0.272334516E+00-0.265558481E+00
-0.856012400E+07-0.829264100E+07-0.802515850E+07-0.775767600E+07-0.749019300E+07
-0.722271050E+07-0.695522800E+07-0.668774500E+07-0.642026250E+07-0.615278000E+07
-0.588529700E+07-0.561781450E+07-0.535033200E+07-0.508284900E+07-0.481536650E+07
-0.454788350E+07-0.428040100E+07-0.401291850E+07-0.374543575E+07-0.347795300E+07
-0.321047050E+07-0.294298775E+07-0.267550500E+07-0.240802250E+07-0.214053975E+07
-0.187305700E+07-0.160557438E+07-0.133809175E+07-0.107060900E+07-0.803126375E+06
-0.535643688E+06-0.268161031E+06-0.678356689E+03
-0.258243401E-01-0.290708682E-01-0.319236569E-01-0.339896022E-01-0.349454842E-01
-0.346533196E-01-0.332059330E-01-0.308694447E-01-0.279382398E-01-0.246432816E-01
-0.211500841E-01-0.175735688E-01-0.139885423E-01-0.104424773E-01-0.696641084E-02
-0.357954087E-02-0.286322114E-03 0.293630611E-02 0.616513565E-02 0.957141148E-02
 0.134550347E-01 0.182046468E-01 0.241383912E-01 0.313286704E-01 0.395310811E-01
 0.482498173E-01 0.569265527E-01 0.651135584E-01 0.725240848E-01 0.790106846E-01
 0.845328602E-01 0.891329690E-01 0.928949639E-01-0.293996864E-01-0.348841508E-01
-0.404319486E-01-0.444448467E-01-0.460205527E-01-0.448409612E-01-0.411767817E-01
-0.365829215E-01-0.319288298E-01-0.273787741E-01-0.229917494E-01-0.187925191E-01
-0.147698300E-01-0.109252775E-01-0.728019429E-02-0.387768660E-02-0.783590881E-03
 0.191726340E-02 0.414118476E-02 0.589128974E-02 0.760709342E-02 0.109028680E-01
 0.172841792E-01 0.270909990E-01 0.397923854E-01 0.533946105E-01 0.660817319E-01
 0.772246820E-01 0.866246316E-01 0.942624625E-01 0.100236745E+00 0.104774313E+00
 0.108197232E+00-0.312491373E-01-0.395155363E-01-0.497983513E-01-0.564128380E-01
-0.589633172E-01-0.567224392E-01-0.485286356E-01-0.407084799E-01-0.342292316E-01
-0.285815095E-01-0.234800644E-01-0.187729977E-01-0.143502231E-01-0.101637944E-01
-0.621994177E-02-0.258042548E-02 0.623661247E-03 0.316107310E-02 0.463901279E-02
 0.439247877E-02 0.157112733E-02 0.129977916E-02 0.772018730E-02 0.216371508E-01
 0.431877848E-01 0.649945711E-01 0.829684033E-01 0.974723363E-01 0.108697737E+00
 0.116864359E+00 0.122352809E+00 0.125739738E+00 0.127638366E+00-0.278324810E-01
-0.359483334E-01-0.472474322E-01-0.527598450E-01-0.558434091E-01-0.560139195E-01
-0.456183741E-01-0.383286620E-01-0.322303644E-01-0.268312764E-01-0.218445914E-01
-0.171018776E-01-0.125026987E-01-0.799518007E-02-0.357082568E-02 0.731910480E-03
 0.481438903E-02 0.849046895E-02 0.114326987E-01 0.130594323E-01 0.123455812E-01
 0.144753383E-01 0.230707614E-01 0.407215094E-01 0.669626962E-01 0.929237410E-01
 0.114786296E+00 0.132084434E+00 0.144157271E+00 0.150992278E+00 0.153473676E+00
 0.153109364E+00 0.151341249E+00-0.200209721E-01-0.255961136E-01-0.308289013E-01
-0.347647043E-01-0.367178342E-01-0.364167619E-01-0.342119288E-01-0.308169196E-01
-0.269349886E-01-0.228664407E-01-0.186593494E-01-0.143000944E-01-0.975631046E-02
-0.499323111E-02 0.199372806E-04 0.530824669E-02 0.108926249E-01 0.167983364E-01
 0.230819252E-01 0.299252434E-01 0.380655876E-01 0.489067987E-01 0.639476676E-01
 0.838872371E-01 0.108662466E+00 0.137051373E+00 0.166620187E+00 0.190249479E+00
 0.203043699E+00 0.204152654E+00 0.195649945E+00 0.185456136E+00 0.176847152E+00
-0.123217056E-01-0.165840387E-01-0.202453535E-01-0.230673188E-01-0.248523080E-01
-0.255080152E-01-0.250729250E-01-0.236913373E-01-0.215416194E-01-0.187683594E-01
-0.154536963E-01-0.116265647E-01-0.727871499E-02-0.237513311E-02 0.314224448E-02
 0.935747948E-02 0.163904550E-01 0.244154966E-01 0.336887920E-01 0.445726194E-01
 0.576008700E-01 0.731094675E-01 0.916378429E-01 0.114068794E+00 0.141457789E+00
 0.174801586E+00 0.213458570E+00 0.243788937E+00 0.257211885E+00 0.252297262E+00
 0.231481458E+00 0.211586813E+00 0.196435286E+00-0.657793658E-02-0.104200972E-01
-0.136713850E-01-0.161805610E-01-0.180370722E-01-0.191898890E-01-0.195906416E-01
-0.192308612E-01-0.181234814E-01-0.162853970E-01-0.137238044E-01-0.104293384E-01
-0.637329462E-02-0.150436841E-02 0.425432391E-02 0.110115937E-01 0.189194757E-01
 0.281917360E-01 0.391332141E-01 0.521897822E-01 0.681645529E-01 0.861041703E-01
 0.105044167E+00 0.126538952E+00 0.153494011E+00 0.186742396E+00 0.226480072E+00
 0.257026102E+00 0.270074541E+00 0.264091048E+00 0.239921440E+00 0.218226576E+00
 0.202009633E+00-0.253752177E-02-0.630087374E-02-0.956077176E-02-0.122203297E-01
-0.144047258E-01-0.160831990E-01-0.171820222E-01-0.176332759E-01-0.173671671E-01
-0.163275383E-01-0.144643216E-01-0.117305018E-01-0.808253955E-02-0.345926924E-02
 0.221536710E-02 0.903578577E-02 0.171223623E-01 0.266300066E-01 0.377579912E-01
 0.507510758E-01 0.658447712E-01 0.824549893E-01 0.100426746E+00 0.120514961E+00
 0.143900648E+00 0.171660402E+00 0.206278665E+00 0.231953075E+00 0.244162485E+00
 0.241670349E+00 0.220050543E+00 0.203972093E+00 0.192046427E+00 0.764699289E-04
-0.385166211E-02-0.738340578E-02-0.104272745E-01-0.131722386E-01-0.155614470E-01
-0.175079413E-01-0.189225443E-01-0.195958040E-01-0.194321331E-01-0.183368299E-01
-0.162224513E-01-0.131124463E-01-0.892171835E-02-0.358577511E-02 0.294723772E-02
 0.107350062E-01 0.198351405E-01 0.302999963E-01 0.421596457E-01 0.553939268E-01
 0.699294407E-01 0.856910530E-01 0.102603937E+00 0.120426065E+00 0.138450255E+00
 0.155138522E+00 0.168939082E+00 0.177765452E+00 0.181032526E+00 0.179731616E+00
 0.176168303E+00 0.172093451E+00 0.170680810E-02-0.254152070E-02-0.656704965E-02
-0.102758031E-01-0.138406528E-01-0.171979758E-01-0.202493186E-01-0.227540842E-01
-0.245601286E-01-0.255160984E-01-0.254789827E-01-0.243254506E-01-0.219661077E-01
-0.183380599E-01-0.134227786E-01-0.728741961E-02 0.836907977E-04 0.866341185E-02
 0.184107073E-01 0.292584809E-01 0.411091451E-01 0.538276906E-01 0.672309688E-01
 0.810618467E-01 0.949445203E-01 0.108347889E+00 0.120635938E+00 0.131189040E+00
 0.139497905E+00 0.145372935E+00 0.149028062E+00 0.150805111E+00 0.151217992E+00
 0.291803484E-02-0.180053466E-02-0.655584827E-02-0.112779310E-01-0.159847016E-01
-0.206259550E-01-0.249752410E-01-0.288618172E-01-0.320945657E-01-0.344711636E-01
-0.357910275E-01-0.358712312E-01-0.345636890E-01-0.317701779E-01-0.274564946E-01
-0.216612991E-01-0.144897795E-01-0.617211603E-02 0.320693414E-02 0.135045392E-01
 0.245652795E-01 0.362093538E-01 0.482287184E-01 0.603807065E-01 0.723844694E-01
 0.839285740E-01 0.946955891E-01 0.104403476E+00 0.112854669E+00 0.119980539E+00
 0.125855028E+00 0.130182720E+00 0.132949847E+00 0.409697800E-02-0.141397098E-02
-0.718100167E-02-0.131358039E-01-0.192411739E-01-0.253242944E-01-0.312352360E-01
-0.367820758E-01-0.417349655E-01-0.458367439E-01-0.488199008E-01-0.504285898E-01
-0.504440125E-01-0.487094805E-01-0.451518198E-01-0.397949723E-01-0.327634440E-01
-0.242767646E-01-0.146217001E-01-0.420019006E-02 0.682003375E-02 0.182300810E-01
 0.298262287E-01 0.414056738E-01 0.527662583E-01 0.637118269E-01 0.740629364E-01
 0.836724016E-01 0.924415101E-01 0.100331880E+00 0.107378264E+00 0.113175411E+00
 0.117456614E+00 0.550549198E-02-0.128185430E-02-0.828072667E-02-0.155453758E-01
-0.230944553E-01-0.307517371E-01-0.383748780E-01-0.457558661E-01-0.526266165E-01
-0.586710942E-01-0.635459118E-01-0.669087781E-01-0.684531403E-01-0.679441449E-01
-0.652504858E-01-0.603660875E-01-0.534174947E-01-0.446554422E-01-0.344326246E-01
-0.231756189E-01-0.113406106E-01 0.651290746E-03 0.126216521E-01 0.244122702E-01
 0.358816871E-01 0.469050772E-01 0.573765321E-01 0.672140035E-01 0.763649538E-01
 0.848133228E-01 0.925951905E-01 0.993019407E-01 0.104705244E+00 0.616138101E-02
-0.160794599E-02-0.969936715E-02-0.182016996E-01-0.270635951E-01-0.362096115E-01
-0.454907414E-01-0.546783069E-01-0.634646568E-01-0.714734854E-01-0.782820147E-01
-0.834548260E-01-0.865877246E-01-0.873554700E-01-0.855558197E-01-0.811412740E-01
-0.742317366E-01-0.651053659E-01-0.541699773E-01-0.419214028E-01-0.288962571E-01
-0.156299669E-01-0.268659341E-02 0.983699946E-02 0.218635178E-01 0.333302925E-01
 0.441868972E-01 0.543950420E-01 0.639282439E-01 0.727688801E-01 0.808908293E-01
 0.881769813E-01 0.946132921E-01 0.613134401E-02-0.223883614E-02-0.110866333E-01
-0.205033080E-01-0.304266253E-01-0.407925927E-01-0.514522427E-01-0.621625490E-01
-0.725840136E-01-0.822891068E-01-0.907852179E-01-0.975526976E-01-0.102096660E+00
-0.104005620E+00-0.103007421E+00-0.990112105E-01-0.921261478E-01-0.826525803E-01
-0.710481469E-01-0.578770087E-01-0.437527327E-01-0.292866989E-01-0.150486630E-01
-0.155325498E-02 0.112086390E-01 0.232455443E-01 0.345636299E-01 0.451676236E-01
 0.550617723E-01 0.642507508E-01 0.727410638E-01 0.804892559E-01 0.874914527E-01
 0.597325619E-02-0.272984744E-02-0.120010219E-01-0.219466014E-01-0.325066317E-01
-0.436226932E-01-0.551456486E-01-0.668238625E-01-0.782981406E-01-0.891083847E-01
-0.987164148E-01-0.106546324E+00-0.112041345E+00-0.114729801E+00-0.114289388E+00
-0.110596618E+00-0.103750253E+00-0.940632415E-01-0.820255709E-01-0.682471960E-01
-0.533934846E-01-0.381264302E-01-0.230595042E-01-0.873106728E-02 0.463604994E-02
 0.171265117E-01 0.287992725E-01 0.396968858E-01 0.498518045E-01 0.592913657E-01
 0.680422589E-01 0.760761581E-01 0.833893716E-01 0.594344456E-02-0.280706433E-02
-0.121134512E-01-0.221340414E-01-0.328079071E-01-0.440746606E-01-0.557837648E-01
-0.676814316E-01-0.794044031E-01-0.904857139E-01-0.100377135E+00-0.108489681E+00
-0.114251380E+00-0.117174813E+00-0.116923377E+00-0.113362758E+00-0.106585817E+00
-0.969051835E-01-0.848156345E-01-0.709358125E-01-0.559417281E-01-0.405059183E-01
-0.252500904E-01-0.107161857E-01 0.280107979E-02 0.154041994E-01 0.271659414E-01
 0.381392935E-01 0.483645120E-01 0.578746120E-01 0.666983532E-01 0.748214581E-01
 0.822553113E-01 0.620776927E-02-0.228618787E-02-0.112668890E-01-0.209238935E-01
-0.311863777E-01-0.419881210E-01-0.531778943E-01-0.645074474E-01-0.756263248E-01
-0.860882844E-01-0.953732792E-01-0.102926139E+00-0.108210949E+00-0.110773892E+00
-0.110304557E+00-0.106683089E+00-0.100002879E+00-0.905633237E-01-0.788349496E-01
-0.654053882E-01-0.509176573E-01-0.360134906E-01-0.212894324E-01-0.727030031E-02
 0.586576774E-02 0.181822196E-01 0.297236119E-01 0.405223766E-01 0.506035830E-01
 0.599887399E-01 0.686988040E-01 0.767251856E-01 0.840761438E-01 0.684662582E-02
-0.118748237E-02-0.957697773E-02-0.185045272E-01-0.279150328E-01-0.377344563E-01
-0.478136769E-01-0.579182702E-01-0.677258917E-01-0.768342685E-01-0.847826493E-01
-0.910869270E-01-0.952871948E-01-0.970012177E-01-0.959755404E-01-0.921239836E-01
-0.855452588E-01-0.765159243E-01-0.654605177E-01-0.529060783E-01-0.394298624E-01
-0.256097205E-01-0.119880900E-01 0.102895036E-02 0.134207536E-01 0.251724390E-01
 0.362719696E-01 0.467101621E-01 0.564812235E-01 0.655835178E-01 0.740205073E-01
 0.817720596E-01 0.888438448E-01 0.744084179E-02 0.883350964E-04-0.744784830E-02
-0.153295160E-01-0.235985518E-01-0.320948224E-01-0.406819873E-01-0.491484715E-01
-0.572111266E-01-0.645260424E-01-0.707091542E-01-0.753667063E-01-0.781340426E-01
-0.787176988E-01-0.769341717E-01-0.727381595E-01-0.662344923E-01-0.576713253E-01
-0.474169545E-01-0.359257642E-01-0.237019038E-01-0.112390125E-01 0.105727183E-02
 0.130659929E-01 0.246875187E-01 0.358390329E-01 0.464522983E-01 0.564736572E-01
 0.658642253E-01 0.745987052E-01 0.826561251E-01 0.899742477E-01 0.965534605E-01
 0.743683893E-02 0.105705678E-02-0.541718929E-02-0.121130362E-01-0.190329298E-01
-0.260320019E-01-0.329685464E-01-0.396481525E-01-0.458270334E-01-0.512220299E-01
-0.555282145E-01-0.584433277E-01-0.596973075E-01-0.590829607E-01-0.564830412E-01
-0.518891751E-01-0.454086537E-01-0.372567993E-01-0.277399124E-01-0.172256897E-01
-0.623872136E-02 0.505535434E-02 0.164605667E-01 0.278026527E-01 0.389238224E-01
 0.496822695E-01 0.599546712E-01 0.696413431E-01 0.786718176E-01 0.870104316E-01
 0.946650063E-01 0.101421281E+00 0.107173055E+00 0.677456992E-02 0.154360049E-02
-0.379443154E-02-0.927204409E-02-0.148225243E-01-0.203797810E-01-0.257330211E-01
-0.307095531E-01-0.351063547E-01-0.386989759E-01-0.412556386E-01-0.425557138E-01
-0.424110275E-01-0.406867922E-01-0.373181899E-01-0.323238511E-01-0.258127622E-01
-0.179637122E-01-0.904118526E-02 0.720992905E-03 0.111445738E-01 0.220485386E-01
 0.332397663E-01 0.445146443E-01 0.556620493E-01 0.664710747E-01 0.767438787E-01
 0.863129544E-01 0.950585415E-01 0.102921374E+00 0.109911283E+00 0.115830962E+00
 0.120576790E+00 0.620736917E-02 0.175795513E-02-0.272302702E-02-0.720117054E-02
-0.115978306E-01-0.158297922E-01-0.198081870E-01-0.233056067E-01-0.261602693E-01
-0.282025153E-01-0.292642256E-01-0.291920076E-01-0.278628643E-01-0.252013070E-01
-0.211707139E-01-0.157904216E-01-0.922356180E-02-0.149829262E-02 0.730399182E-02
 0.170745320E-01 0.276859505E-01 0.389832194E-01 0.507724955E-01 0.628116035E-01
 0.748071671E-01 0.864256362E-01 0.973225150E-01 0.107187863E+00 0.115797969E+00
 0.123059797E+00 0.129024744E+00 0.133604325E+00 0.136892009E+00 0.539750591E-02
 0.136671388E-02-0.255835227E-02-0.631315917E-02-0.982415828E-02-0.130125455E-01
-0.157943703E-01-0.180796513E-01-0.196673951E-01-0.204443556E-01-0.202971724E-01
-0.191214506E-01-0.168296658E-01-0.134659240E-01-0.896391768E-02-0.329203335E-02
 0.355302585E-02 0.115741206E-01 0.207651035E-01 0.311068921E-01 0.425590988E-01
 0.550408653E-01 0.684008072E-01 0.823782681E-01 0.965628389E-01 0.110372936E+00
 0.123118241E+00 0.134131438E+00 0.142873033E+00 0.149138460E+00 0.153140604E+00
 0.155309881E+00 0.156199524E+00 0.353732845E-02-0.268846602E-03-0.383804058E-02
-0.709331310E-02-0.995500900E-02-0.123463249E-01-0.141931723E-01-0.154211907E-01
-0.159493146E-01-0.157051850E-01-0.146220600E-01-0.126389317E-01-0.970277831E-02
-0.577266469E-02-0.799098689E-03 0.527047220E-02 0.124923947E-01 0.209324605E-01
 0.306705183E-01 0.418048191E-01 0.544518186E-01 0.687272969E-01 0.846794130E-01
 0.102189216E+00 0.120857104E+00 0.139831953E+00 0.157475845E+00 0.172143905E+00
 0.181726984E+00 0.185640622E+00 0.184916670E+00 0.181856360E+00 0.178157061E+00
 0.202540602E-03-0.361341743E-02-0.706317750E-02-0.100436208E-01-0.124603499E-01
-0.142399099E-01-0.153318282E-01-0.157045659E-01-0.153376700E-01-0.142145418E-01
-0.123157728E-01-0.961537643E-02-0.607915885E-02-0.166348437E-02 0.368799108E-02
 0.100464603E-01 0.175007381E-01 0.261618819E-01 0.361716276E-01 0.477446853E-01
 0.610142718E-01 0.766314989E-01 0.953988206E-01 0.117489918E+00 0.142875226E+00
 0.172398043E+00 0.208609461E+00 0.235600313E+00 0.248853488E+00 0.247162487E+00
 0.226088047E+00 0.210523180E+00 0.199038215E+00-0.501838825E-02-0.917521865E-02
-0.128370549E-01-0.158057614E-01-0.179390389E-01-0.191671475E-01-0.194852938E-01
-0.189437287E-01-0.176189649E-01-0.155781150E-01-0.128607381E-01-0.947801731E-02
-0.541632465E-02-0.640025035E-03 0.490790614E-02 0.113076884E-01 0.186663232E-01
 0.271214698E-01 0.368381465E-01 0.479797824E-01 0.604282802E-01 0.759928078E-01
 0.966826473E-01 0.122425983E+00 0.152276199E+00 0.187714954E+00 0.229281700E+00
 0.261299845E+00 0.275474452E+00 0.270318901E+00 0.246735683E+00 0.225582118E+00
 0.209780648E+00-0.124286355E-01-0.174534008E-01-0.219316292E-01-0.253225245E-01
-0.273558095E-01-0.279304987E-01-0.270826855E-01-0.251156281E-01-0.224383877E-01
-0.192365950E-01-0.155831553E-01-0.115029623E-01-0.698682276E-02-0.200149859E-02
 0.350603350E-02 0.961048230E-02 0.164168616E-01 0.240791274E-01 0.328343812E-01
 0.430659557E-01 0.552524909E-01 0.704703907E-01 0.896882423E-01 0.113532244E+00
 0.142504299E+00 0.177359716E+00 0.217429045E+00 0.248968416E+00 0.263350120E+00
 0.259164196E+00 0.238896932E+00 0.219499688E+00 0.204796909E+00-0.216754819E-01
-0.284521287E-01-0.347334165E-01-0.394656120E-01-0.416392302E-01-0.411339253E-01
-0.378498609E-01-0.334094003E-01-0.287844010E-01-0.241063852E-01-0.194035743E-01
-0.146422073E-01-0.977306981E-02-0.474686202E-02 0.481063377E-03 0.595116055E-02
 0.117045383E-01 0.177963942E-01 0.243299247E-01 0.315458518E-01 0.399783025E-01
 0.512460779E-01 0.668252023E-01 0.873497104E-01 0.112700846E+00 0.141693430E+00
 0.171938174E+00 0.196252382E+00 0.209683239E+00 0.211366904E+00 0.203401426E+00
 0.193735892E+00 0.185562766E+00-0.302726930E-01-0.395288853E-01-0.524033274E-01
-0.586509557E-01-0.620379480E-01-0.619751718E-01-0.497590782E-01-0.413019583E-01
-0.343876830E-01-0.283179262E-01-0.227754401E-01-0.175601309E-01-0.125442974E-01
-0.765219693E-02-0.285104645E-02 0.184937499E-02 0.638777271E-02 0.106293686E-01
 0.143190948E-01 0.169726038E-01 0.174515782E-01 0.207121333E-01 0.300819007E-01
 0.478897815E-01 0.736631433E-01 0.992800312E-01 0.121139928E+00 0.138645191E+00
 0.151056523E+00 0.158317556E+00 0.161294179E+00 0.161451139E+00 0.160155331E+00
-0.336222537E-01-0.429350481E-01-0.545317512E-01-0.619333469E-01-0.646666034E-01
-0.618814849E-01-0.522401049E-01-0.432459028E-01-0.359871175E-01-0.297698010E-01
-0.242086673E-01-0.190727922E-01-0.142377793E-01-0.964045687E-02-0.526671361E-02
-0.115178401E-02 0.260811253E-02 0.582881410E-02 0.818368362E-02 0.908434250E-02
 0.756894293E-02 0.846829928E-02 0.155668803E-01 0.295719987E-01 0.505716306E-01
 0.718385471E-01 0.896096199E-01 0.104149845E+00 0.115584286E+00 0.124092213E+00
 0.130030298E+00 0.133913801E+00 0.136302020E+00-0.309201248E-01-0.370312299E-01
-0.432182730E-01-0.476587077E-01-0.493199350E-01-0.478344330E-01-0.435178883E-01
-0.382354162E-01-0.330342163E-01-0.280739022E-01-0.233428128E-01-0.188040451E-01
-0.144377774E-01-0.102368239E-01-0.620950346E-02-0.238226929E-02 0.119864126E-02
 0.446962122E-02 0.736548421E-02 0.988280650E-02 0.123827465E-01 0.163640320E-01
 0.232104237E-01 0.332229877E-01 0.459041716E-01 0.594258706E-01 0.721173507E-01
 0.833830415E-01 0.930230113E-01 0.101010730E+00 0.107439826E+00 0.112496669E+00
 0.116422814E+00-0.261901002E-01-0.297423295E-01-0.328693816E-01-0.351255216E-01
-0.361457094E-01-0.357792511E-01-0.341430632E-01-0.315542501E-01-0.283561463E-01
-0.248053262E-01-0.210705226E-01-0.172590276E-01-0.134362756E-01-0.964088025E-02
-0.589511232E-02-0.220951661E-02 0.141895761E-02 0.501750132E-02 0.865996544E-02
 0.125032327E-01 0.168201769E-01 0.219657411E-01 0.282303394E-01 0.356777683E-01
 0.440802716E-01 0.529789173E-01 0.618562594E-01 0.702950274E-01 0.780255856E-01
 0.849074405E-01 0.908989875E-01 0.960311940E-01 0.100381590E+00
 0.917255998E+00 0.941518188E+00 0.963949442E+00 0.989022493E+00 0.101705551E+01
 0.104717708E+01 0.107905960E+01 0.111346936E+01 0.114992166E+01 0.118888426E+01
 0.123059070E+01 0.127516675E+01 0.132305968E+01 0.137451994E+01 0.142996836E+01
 0.148985243E+01 0.155137229E+01 0.162220466E+01 0.169945657E+01 0.178392303E+01
 0.187739086E+01 0.198079193E+01 0.209597778E+01 0.222503471E+01 0.237305856E+01
 0.254158497E+01 0.273764682E+01 0.297300410E+01 0.325883722E+01 0.362224817E+01
 0.412116861E+01 0.489625168E+01 0.775056648E+01
  97   96
 0.456122501E+00-0.554774497E-01 0.456976852E+00-0.711046419E-01 0.458867295E+00
-0.868051444E-01 0.459928734E+00-0.103261513E+00 0.462065155E+00-0.119926991E+00
 0.465021226E+00-0.136896152E+00 0.467575756E+00-0.154977890E+00 0.471305011E+00
-0.173396074E+00 0.474943096E+00-0.193201757E+00 0.480088902E+00-0.213312687E+00
 0.485835074E+00-0.234671913E+00 0.493039749E+00-0.256607954E+00 0.501086448E+00
-0.280091265E+00 0.511152996E+00-0.303798540E+00 0.522208788E+00-0.329644655E+00
 0.535562063E+00-0.355822212E+00 0.549586039E+00-0.386736058E+00 0.576066897E+00
-0.387787190E+00 0.606777542E+00-0.367712497E+00 0.634380568E+00-0.345722076E+00
 0.657793974E+00-0.331028212E+00 0.679125904E+00-0.314180892E+00 0.698220952E+00
-0.299021229E+00 0.715578312E+00-0.285780513E+00 0.731304183E+00-0.271731047E+00
 0.745678210E+00-0.258447804E+00 0.759253032E+00-0.247061556E+00 0.771623871E+00
-0.235050001E+00 0.783051028E+00-0.223183888E+00 0.793874231E+00-0.211964456E+00
 0.804265769E+00-0.201328328E+00 0.813720785E+00-0.190204083E+00 0.822647182E+00
-0.179228170E+00 0.831084844E+00-0.168332924E+00 0.838989142E+00-0.157385578E+00
 0.846700876E+00-0.146650178E+00 0.853641643E+00-0.135536140E+00 0.859805063E+00
-0.124104762E+00 0.866104262E+00-0.112962488E+00 0.871661720E+00-0.101483334E+00
 0.876460161E+00-0.897163617E-01 0.880172353E+00-0.775974732E-01 0.883907109E+00
-0.655720122E-01 0.887351053E+00-0.534554439E-01 0.889991144E+00-0.411216224E-01
 0.891725762E+00-0.286174716E-01 0.892664380E+00-0.160197528E-01 0.892802111E+00
-0.337912224E-02 0.892300188E+00 0.926907539E-02 0.891053591E+00 0.218883786E-01
 0.889004802E+00 0.344257124E-01 0.886056144E+00 0.467997784E-01 0.882019995E+00
 0.588667127E-01 0.878260290E+00 0.711009324E-01 0.873911085E+00 0.832397150E-01
 0.868623605E+00 0.950675790E-01 0.862485164E+00 0.106546629E+00 0.856064509E+00
 0.118038255E+00 0.849249832E+00 0.129527415E+00 0.841717954E+00 0.140754787E+00
 0.833705196E+00 0.151953725E+00 0.825167610E+00 0.163136726E+00 0.815767474E+00
 0.173877114E+00 0.806271853E+00 0.185399719E+00 0.795854169E+00 0.196556133E+00
 0.784758656E+00 0.207857405E+00 0.772690978E+00 0.218729955E+00 0.760252012E+00
 0.231271644E+00 0.746567859E+00 0.243296325E+00 0.731695335E+00 0.255048318E+00
 0.715635463E+00 0.267096144E+00 0.698246391E+00 0.281221129E+00 0.679169552E+00
 0.293861361E+00 0.658566180E+00 0.304700924E+00 0.635708728E+00 0.318786459E+00
 0.611537144E+00 0.328689900E+00 0.587555831E+00 0.331435289E+00 0.566231574E+00
 0.323763208E+00 0.549153437E+00 0.306658009E+00 0.533592717E+00 0.288994283E+00
 0.521638562E+00 0.267495783E+00 0.510582706E+00 0.247352389E+00 0.501540375E+00
 0.226741296E+00 0.493618558E+00 0.206841837E+00 0.486839433E+00 0.187472822E+00
 0.480964919E+00 0.168745601E+00 0.475773201E+00 0.150702968E+00 0.471990882E+00
 0.132737214E+00 0.468215144E+00 0.115715856E+00 0.465518995E+00 0.988797088E-01
 0.462547223E+00 0.828099809E-01 0.460007459E+00 0.670274312E-01 0.458527662E+00
 0.512990150E-01 0.457164300E+00 0.358734122E-01 0.455930330E+00 0.206334170E-01
 0.455672603E+00 0.542101651E-02 0.456122501E+00-0.554774497E-01
 0.440200001E+00-0.215700001E+00 0.440200001E+00 0.000000000E+00 0.440200001E+00
 0.432799995E+00 0.699899971E+00 0.432799995E+00 0.699899971E+00 0.402999997E+00
 0.764900029E+00 0.385500014E+00 0.765699983E+00 0.388599992E+00 0.955299973E+00
 0.337799996E+00 0.106159997E+01 0.337799996E+00 0.106159997E+01 0.266136408E+00
 0.820685983E+00 0.266136408E+00 0.819162071E+00 0.264612317E+00 0.819162130E+00
 0.263548434E+00 0.818088651E+00 0.262493551E+00 0.817809761E+00 0.230599269E+00
 0.818863809E+00 0.226122722E+00 0.834543049E+00 0.195354164E+00 0.836682141E+00
 0.191869900E+00 0.853755593E+00 0.169212058E+00 0.855821788E+00 0.166141152E+00
 0.870345116E+00 0.141770005E+00 0.872067750E+00 0.138491482E+00 0.883877695E+00
 0.112696007E+00 0.885235786E+00 0.109252214E+00 0.894189119E+00 0.823316127E-01
 0.895626426E+00 0.786074847E-01 0.904622555E+00 0.578148589E-01 0.906196117E+00
 0.507732444E-01 0.906889856E+00 0.466043055E-01 0.909967721E+00 0.187179465E-01
 0.909967721E+00 0.251530879E-02 0.909967721E+00 0.000000000E+00 0.909967721E+00
-0.264220894E-02 0.909967721E+00-0.187179465E-01 0.906889856E+00-0.466043167E-01
 0.906196117E+00-0.507732816E-01 0.904622555E+00-0.578148738E-01 0.895626128E+00
-0.786080882E-01 0.894188821E+00-0.823322237E-01 0.885235488E+00-0.109252825E+00
 0.883877456E+00-0.112696610E+00 0.872067511E+00-0.138492092E+00 0.870344877E+00
-0.141770616E+00 0.855821490E+00-0.166141763E+00 0.853755355E+00-0.169212669E+00
 0.836681902E+00-0.191870511E+00 0.834549129E+00-0.195342407E+00 0.818871439E+00
-0.226111323E+00 0.817809522E+00-0.230599880E+00 0.818088353E+00-0.262494147E+00
 0.819162130E+00-0.263549298E+00 0.819162071E+00-0.264612317E+00 0.820685983E+00
-0.266136408E+00 0.106159997E+01-0.266136408E+00 0.106159997E+01-0.337799996E+00
 0.955299973E+00-0.337799996E+00 0.823499978E+00-0.373199999E+00 0.820800006E+00
-0.363200009E+00 0.819199979E+00-0.357100010E+00 0.760500014E+00-0.372799993E+00
 0.757799983E+00-0.362699986E+00 0.757200003E+00-0.361200005E+00 0.756399989E+00
-0.359699994E+00 0.755299985E+00-0.358500004E+00 0.754000008E+00-0.357400000E+00
 0.752900004E+00-0.356599987E+00 0.750999987E+00-0.356000006E+00 0.749400020E+00
-0.355699986E+00 0.747699976E+00-0.355699986E+00 0.746100008E+00-0.356000006E+00
 0.702022016E+00-0.367794007E+00 0.702022374E+00-0.367793888E+00 0.694146514E+00
-0.370719105E+00 0.686951578E+00-0.375057310E+00 0.686951995E+00-0.375057012E+00
 0.629375994E+00-0.417571992E+00 0.629375815E+00-0.417572111E+00 0.623269379E+00
-0.423004001E+00 0.618246078E+00-0.429450691E+00 0.614471614E+00-0.436699599E+00
 0.612070382E+00-0.444511712E+00 0.611121893E+00-0.452629209E+00 0.611657083E+00
-0.460784405E+00 0.611657023E+00-0.460783988E+00 0.629500926E+00-0.573902845E+00
 0.702899992E+00-0.573899984E+00 0.702899992E+00-0.595899999E+00 0.602199972E+00
-0.595899999E+00 0.572899997E+00-0.579400003E+00 0.569899976E+00-0.579400003E+00
 0.569899976E+00-0.512099981E+00 0.560699999E+00-0.500100017E+00 0.468349993E+00
-0.474675000E+00 0.468349993E+00-0.296290010E+00 0.460399985E+00-0.251060009E+00
 0.440200001E+00-0.215700001E+00
